gleicher Schlüssel

ShiftRows
Cipher: [155, 29, 114, 12, 137, 10, 132, 215, 115, 119, 66, 78, 246, 101, 191, 13] (Plain: [0, 1, 2, 3, 4, 5, 6, 7, 8, 9, 10, 11, 12, 13, 14, 15])
Cipher: [254, 125, 56, 1, 121, 158, 142, 1, 68, 219, 39, 186, 126, 185, 161, 158] (Plain: [1, 1, 2, 3, 4, 5, 6, 7, 8, 9, 10, 11, 12, 13, 14, 15])


a) ShiftColumns
Cipher: [206, 149, 209, 97, 79, 63, 68, 15, 220, 140, 119, 117, 154, 177, 79, 81] (Plain: [0, 1, 2, 3, 4, 5, 6, 7, 8, 9, 10, 11, 12, 13, 14, 15])
Cipher: [254, 41, 9, 159, 79, 63, 68, 15, 220, 140, 119, 117, 154, 177, 79, 81] (Plain: [1, 1, 2, 3, 4, 5, 6, 7, 8, 9, 10, 11, 12, 13, 14, 15])


b) ShiftRows (um 2i mod 4)
Cipher: [151, 33, 134, 73, 195, 117, 130, 111, 4, 238, 187, 204, 160, 67, 119, 79] (Plain: [0, 1, 2, 3, 4, 5, 6, 7, 8, 9, 10, 11, 12, 13, 14, 15])
Cipher: [190, 35, 111, 155, 195, 117, 130, 111, 46, 80, 146, 13, 160, 67, 119, 79] (Plain: [1, 1, 2, 3, 4, 5, 6, 7, 8, 9, 10, 11, 12, 13, 14, 15])


c) SBOX XOR 01010101 (=85)
Cipher: [20, 163, 74, 167, 202, 236, 103, 50, 5, 33, 99, 7, 215, 92, 59, 181] (Plain: [0, 1, 2, 3, 4, 5, 6, 7, 8, 9, 10, 11, 12, 13, 14, 15])
Cipher: [86, 91, 255, 255, 18, 179, 59, 42, 77, 73, 231, 116, 177, 216, 182, 5] (Plain: [1, 1, 2, 3, 4, 5, 6, 7, 8, 9, 10, 11, 12, 13, 14, 15])
